4294967278,136
4294967294,474
4294967278,135
4294967279,135
4294967278,134
4294967279,134
4294967278,133
4294967279,133
4294967294,77
4294967294,76
4294967294,75
4294967294,74
4294967294,73
4294967294,53
4294967294,52
4294967294,387
4294967294,415
4294967294,51
4294967294,49
4294967294,48
4294967294,47
4294967294,392
4294967294,437
4294967294,45
4294967294,390
4294967294,428
4294967294,44
4294967294,424
4294967294,114
4294967294,985
4294967294,43
4294967294,42
4294967294,41
4294967294,40
4294967294,39
4294967294,38
4294967294,37
4294967294,36
4294967294,396
4294967294,969
4294967294,408
4294967294,1017
4294967294,29
4294967294,417
4294967294,187
4294967294,973
4294967294,411
4294967294,28
4294967294,179
4294967294,405
4294967294,1014
4294967294,595
4294967294,27
4294967294,1018
4294967294,1020
4294967294,384
4294967294,975
4294967294,418
4294967294,168
4294967294,398
4294967294,26
4294967294,462
4294967294,404
4294967294,412
4294967294,458
4294967294,189
4294967294,416
4294967294,464
4294967294,118
4294967294,25
4294967294,394
4294967294,166
4294967294,24
4294967294,17
4294967294,16
4294967294,15
4294967294,96
4294967294,95
4294967294,94
4294967294,89
4294967294,93
4294967294,69
4294967294,68
4294967294,46
4294967294,67
4294967294,525
4294967294,524
4294967294,523
4294967294,522
4294967294,521
4294967294,519
4294967294,520
4294967294,518
4294967294,517
4294967294,516
4294967294,515
4294967294,514
4294967294,513
4294967294,512
4294967294,383
4294967294,382
4294967294,381
4294967294,2
4294967294,1
4294967294,4
4294967294,0
0,0
4294967278,132
4294967278,131
4294967278,130
4294967278,129
4294967278,128
4294967278,127
4294967278,126
4294967278,125
4294967278,124
4294967278,123
4294967278,122
4294967278,121
4294967278,120
4294967278,119
4294967278,118
4294967278,117
4294967278,116
4294967278,115
4294967278,114
4294967278,113
4294967278,112
4294967278,111
4294967278,110
4294967278,109
4294967278,108
4294967278,107
4294967278,106
4294967278,105
4294967278,104
4294967278,103
4294967278,102
4294967278,101
4294967278,100
4294967278,99
4294967278,98
4294967278,97
4294967278,96
4294967278,95
4294967278,94
4294967278,93
4294967278,92
4294967278,91
4294967278,90
4294967278,89
4294967278,88
4294967278,87
4294967278,86
4294967278,85
4294967278,84
4294967278,83
4294967278,82
4294967278,81
4294967278,80
4294967278,79
4294967278,78
4294967278,77
4294967278,76
4294967278,75
4294967278,74
4294967278,73
4294967278,72
4294967278,71
4294967278,70
4294967278,69
4294967278,68
4294967278,67
4294967278,66
4294967278,65
4294967278,64
4294967278,63
4294967278,62
4294967278,61
4294967278,60
4294967278,59
4294967278,58
4294967278,57
4294967278,56
4294967278,55
4294967278,54
4294967278,53
4294967278,52
4294967278,51
4294967278,50
4294967278,49
4294967278,48
4294967278,47
4294967278,46
4294967278,45
4294967278,44
4294967278,43
4294967278,42
4294967278,41
4294967278,40
4294967278,39
4294967278,38
4294967278,37
4294967278,36
4294967278,35
4294967278,34
4294967278,33
4294967278,32
